05 05 04 04 04 04 04 05 05 05 05 04 03 02 03 03 03 03 03 03 03 03 03 03 04 04 04 04 04 04 04 04 04 04 04 04 04 04 04 04 04 04 04 04 04 04 04 04 04 04 04 04 04 04 04 04 04 04 04 03 03 03 03 04 04 04 05 04 04 04 04 04 04 04 04 04 04 04 05 06 06 06 04 03 03 03 03 03 03 03 03 03 03 03 03 03 03 03 04 05
04 04 04 04 04 04 04 05 05 05 05 04 03 02 03 03 03 03 03 03 03 03 03 03 03 04 04 04 04 04 04 04 04 04 04 04 04 04 04 04 04 04 04 04 04 04 04 04 04 04 04 04 04 04 04 03 04 04 03 03 03 03 03 03 04 04 05 04 04 04 04 04 04 04 04 04 04 04 04 06 06 06 05 03 03 03 03 03 03 03 03 03 03 03 03 03 03 04 03 02
04 04 04 04 04 04 04 05 05 05 04 04 03 02 03 03 03 03 03 03 03 03 03 03 03 03 04 04 04 04 04 04 04 04 04 04 04 04 04 04 04 04 04 04 04 04 04 04 04 04 04 04 04 04 04 04 04 04 04 03 03 03 03 03 04 04 04 04 04 04 05 04 04 04 04 04 04 04 04 05 06 06 06 04 03 03 03 03 03 03 03 03 03 03 03 04 04 03 01 01
04 04 04 04 04 04 05 05 05 05 04 04 03 02 03 03 03 03 03 03 03 03 03 03 03 04 04 04 04 04 04 04 04 04 04 04 04 04 04 04 04 04 04 04 04 04 04 04 04 04 04 04 04 04 04 03 04 04 04 03 03 03 03 03 03 04 04 05 05 05 05 05 04 04 04 04 04 04 04 04 05 06 07 06 03 03 03 03 03 03 03 03 03 03 04 04 02 01 01 01
04 04 04 04 04 04 05 05 05 05 04 04 03 02 03 03 03 03 03 03 03 03 03 03 03 04 04 04 04 04 04 04 04 04 04 04 04 04 04 04 04 04 04 04 04 04 04 04 04 04 04 04 04 04 03 03 03 03 03 03 03 03 03 03 03 04 04 05 05 05 05 05 04 04 04 04 04 04 04 04 04 06 06 07 05 03 03 03 03 03 03 03 04 04 04 03 01 01 01 01
04 04 04 04 04 05 05 05 04 05 04 04 03 02 03 03 03 03 03 03 03 03 03 03 03 03 03 04 04 04 04 04 04 04 04 04 04 04 04 03 03 03 03 03 03 03 03 04 04 04 04 04 03 03 03 03 03 03 04 03 03 03 03 03 03 04 04 05 05 05 04 04 04 04 04 04 04 04 04 04 04 05 06 06 06 03 03 03 03 03 03 03 04 04 02 01 01 01 01 01
04 04 05 05 05 05 05 05 04 05 05 04 03 02 03 03 03 03 03 03 03 03 03 03 03 03 04 04 03 03 04 04 04 04 04 04 04 04 04 03 03 03 03 03 03 03 03 04 04 04 04 04 03 04 04 03 03 03 03 03 03 03 03 03 03 04 04 04 04 04 04 04 04 04 04 04 04 04 04 04 04 04 06 06 07 05 03 03 03 03 03 04 04 02 01 01 01 01 01 01
05 05 05 05 05 05 05 05 04 05 04 04 03 02 03 03 03 03 03 03 03 03 03 03 03 03 03 03 03 03 03 04 03 03 04 04 04 04 04 03 03 03 03 03 03 03 03 03 04 04 04 04 03 04 03 03 03 03 03 03 03 03 03 03 03 04 04 04 04 04 04 04 04 04 04 04 04 04 04 04 04 04 05 06 07 07 04 03 03 03 03 04 02 01 01 01 01 01 01 01
05 05 05 05 05 04 04 05 05 05 04 04 02 02 03 03 03 03 03 03 03 03 03 03 03 03 03 03 03 03 04 04 03 04 04 04 04 04 03 03 03 03 03 04 04 03 03 03 03 03 03 03 03 04 04 03 03 03 03 03 03 03 03 03 03 04 04 04 04 04 04 04 04 04 04 04 04 04 04 04 04 04 04 06 06 07 06 03 03 03 04 02 01 01 01 01 01 01 01 01
05 04 05 05 04 04 04 05 05 05 04 04 03 02 03 03 03 03 03 03 03 03 03 03 03 03 03 03 03 04 04 04 03 04 04 04 03 04 04 04 04 04 04 05 05 05 05 05 04 03 03 03 03 04 04 04 03 03 03 03 03 03 03 03 03 04 04 04 04 04 04 04 04 04 04 04 04 04 04 04 04 04 04 05 06 07 07 05 03 03 02 01 01 01 01 01 01 01 01 01
05 05 05 05 04 04 04 05 05 05 04 04 03 02 02 03 03 03 03 03 03 03 03 03 03 03 03 03 04 04 04 04 03 03 04 04 04 04 04 04 04 05 05 05 05 05 05 05 05 05 05 03 03 03 04 04 03 03 03 03 03 03 03 03 03 04 04 04 04 04 04 04 04 04 04 04 04 04 04 04 04 04 04 04 05 06 07 06 04 02 01 01 01 01 01 01 01 01 01 01
05 05 05 04 03 03 04 05 05 05 05 04 02 02 02 03 03 03 03 03 03 03 03 03 03 03 03 03 03 03 03 03 04 04 04 03 04 04 04 04 04 04 04 05 05 05 05 05 05 06 06 06 04 03 03 03 03 03 03 03 03 03 03 03 03 04 04 04 04 04 04 04 04 04 04 04 04 04 04 04 04 04 04 04 04 06 07 07 05 01 01 01 01 01 01 01 01 01 01 01
05 05 04 04 02 03 04 05 05 05 05 04 02 02 02 02 03 03 03 03 03 03 03 03 03 03 03 03 03 03 04 04 04 04 03 03 04 04 04 04 04 04 04 05 05 05 05 05 05 05 05 06 06 05 03 03 03 03 03 03 03 03 03 03 03 04 04 04 04 04 04 04 04 04 04 04 04 04 04 04 04 04 04 04 04 05 07 07 03 00 01 01 01 01 01 01 01 01 01 01
05 05 04 03 02 03 04 05 05 05 04 04 02 02 02 03 03 03 03 03 03 03 03 03 03 03 03 03 03 03 04 03 03 03 03 03 04 04 04 04 04 04 04 05 05 05 05 05 05 05 05 06 06 06 06 04 02 03 03 03 03 03 03 03 03 04 04 04 04 04 04 04 04 04 04 04 04 04 04 04 04 04 04 04 04 04 06 04 01 01 01 01 01 01 01 01 01 01 01 00
05 05 03 02 02 03 04 05 05 05 04 04 02 02 02 03 03 03 03 03 03 03 03 03 03 03 03 03 03 04 03 03 03 03 03 03 04 04 04 04 04 04 04 04 05 05 05 05 05 05 06 06 06 06 06 06 05 03 02 03 03 03 03 03 03 04 04 04 04 04 04 03 04 04 04 04 04 04 04 04 04 04 04 04 04 05 03 01 01 01 01 01 01 01 01 01 01 02 01 02
05 04 03 02 02 03 04 05 05 05 04 04 02 02 02 03 03 03 03 03 03 03 03 03 03 03 03 03 03 04 03 03 03 03 03 03 03 03 04 04 04 04 04 04 05 05 05 05 05 06 05 05 05 06 06 06 07 07 03 02 03 03 03 03 03 04 04 04 04 04 04 03 03 04 04 04 04 04 04 04 04 04 04 04 05 04 01 01 01 01 01 01 01 01 01 01 02 01 01 05
04 03 02 02 02 03 04 05 05 05 04 04 02 02 02 03 03 03 03 03 03 03 03 03 03 03 03 03 03 03 03 03 03 03 03 03 03 03 04 04 04 04 04 04 05 05 05 05 05 05 05 06 06 06 06 06 06 07 06 02 02 03 03 03 03 04 04 04 04 04 04 03 02 03 04 04 04 04 04 04 04 04 04 04 04 01 01 01 01 01 01 01 01 01 01 01 02 02 04 04
04 02 02 02 02 03 04 05 05 05 04 04 02 02 02 03 03 03 03 03 03 03 03 03 03 03 03 03 03 03 03 03 03 03 03 03 03 04 04 04 04 04 04 04 04 05 05 05 05 05 06 06 06 06 06 06 06 06 07 05 02 02 03 02 03 03 04 04 04 04 04 03 01 02 04 04 04 04 04 04 04 04 04 05 02 01 01 01 01 01 01 01 01 01 01 02 02 04 04 04
03 02 02 02 02 03 04 05 05 05 04 04 02 02 02 03 03 03 03 03 03 03 03 03 03 03 03 03 03 03 03 03 03 03 03 03 04 04 04 04 04 04 04 04 05 05 04 05 06 06 06 06 06 06 06 06 06 06 06 07 04 02 02 02 03 04 04 04 04 04 04 03 01 01 03 04 04 04 04 04 04 04 05 03 01 01 01 01 01 01 01 01 01 01 01 02 04 04 04 04
02 02 02 02 02 03 04 05 05 05 04 04 02 02 02 03 03 03 03 03 03 03 03 03 03 03 04 03 03 03 03 03 03 03 03 04 04 04 04 04 04 04 04 04 04 04 05 06 06 06 06 06 06 06 06 06 06 06 06 06 07 05 02 02 03 04 04 04 04 04 04 03 01 01 02 03 04 04 04 04 04 04 04 01 01 01 01 01 01 01 01 01 01 01 02 03 04 04 04 05
02 02 02 02 02 03 04 05 05 05 04 04 02 02 02 03 03 03 03 03 03 03 03 03 03 04 03 03 03 03 03 03 03 03 04 04 04 04 04 04 04 04 04 04 04 05 06 06 06 05 06 06 06 06 06 06 06 06 06 06 06 07 04 01 02 03 04 04 04 04 04 03 01 01 01 02 04 04 04 04 04 05 02 01 01 01 01 01 01 01 01 01 01 01 03 04 04 04 05 05
02 02 02 02 02 03 04 05 05 05 05 04 02 02 02 02 03 03 03 03 03 03 03 03 03 05 03 03 03 03 03 03 03 03 03 04 04 04 04 04 04 03 04 05 06 05 05 05 05 05 06 06 06 06 06 06 06 06 06 06 06 06 07 03 02 03 04 04 04 04 04 03 01 01 01 01 02 04 05 04 04 03 01 01 01 01 01 01 01 01 01 01 01 02 04 04 04 05 05 05
02 02 02 02 02 03 04 05 05 05 04 04 02 02 02 02 03 03 03 03 03 03 03 03 03 05 03 03 03 03 03 03 03 04 04 04 04 04 04 03 03 04 05 06 05 05 05 05 05 06 06 06 06 06 06 06 06 06 06 06 06 06 07 05 01 03 04 04 04 04 04 03 01 01 00 01 04 06 06 06 06 02 01 01 01 01 01 01 01 01 01 01 02 04 04 04 05 05 04 04
02 02 02 02 02 03 04 05 05 05 04 04 02 02 02 02 03 03 03 03 03 03 03 03 04 05 03 03 03 03 03 03 03 04 04 03 04 04 03 03 04 05 05 05 05 05 05 05 05 06 06 06 05 06 06 06 06 06 06 06 06 06 06 07 03 03 04 04 04 04 04 03 01 00 01 05 06 06 06 07 07 04 00 01 01 01 01 01 01 01 01 01 04 04 04 04 05 05 04 04
02 02 02 02 02 03 04 05 05 05 04 04 02 02 02 02 03 03 03 03 03 03 03 03 05 04 02 03 03 03 03 03 04 03 03 03 04 03 03 04 05 05 05 05 05 05 05 05 05 05 05 05 06 06 06 06 06 06 06 06 06 06 06 07 05 03 04 04 04 04 04 02 00 02 06 06 06 06 06 06 07 05 01 01 01 01 01 01 01 01 01 03 04 04 04 05 04 04 04 04
02 03 03 03 02 03 04 05 05 05 05 04 02 02 02 03 03 03 03 03 03 03 03 03 06 04 02 03 03 03 03 03 03 03 04 04 03 03 04 05 05 05 05 05 05 05 05 05 05 05 05 05 06 06 06 06 06 06 05 06 06 06 06 06 06 05 04 04 04 04 03 02 04 06 06 06 06 06 06 06 07 05 01 01 01 01 01 01 01 01 01 04 04 04 05 04 04 04 04 04
03 03 03 03 02 03 04 05 05 05 05 04 02 02 02 03 03 03 03 03 03 03 03 03 06 04 03 03 03 03 03 03 03 03 03 03 03 04 04 04 04 05 05 05 05 05 05 05 05 05 05 05 05 06 06 06 06 05 05 06 06 06 06 06 06 06 05 04 04 04 04 05 06 06 06 06 06 06 06 06 07 04 01 01 01 01 01 01 01 01 03 04 04 05 05 04 04 04 04 04
03 03 03 03 03 03 04 05 05 05 05 04 02 02 02 03 03 03 03 03 03 03 03 04 06 04 03 03 03 03 03 03 03 03 03 03 04 04 04 04 04 05 05 05 05 05 05 05 05 05 05 05 05 05 05 05 05 05 05 06 06 06 06 06 05 06 06 04 04 05 06 06 06 06 06 06 06 06 06 06 07 03 01 01 01 01 01 01 01 02 04 04 04 05 04 04 04 04 04 04
03 03 03 03 03 03 04 05 05 05 05 04 02 02 02 02 03 03 03 03 03 03 02 04 06 04 03 03 03 03 03 03 03 03 03 04 04 04 04 04 05 05 05 05 05 05 05 05 05 05 05 05 05 05 05 05 05 05 05 06 05 05 05 05 05 05 05 05 06 06 06 06 06 06 06 06 06 06 06 06 07 02 01 01 01 01 01 01 02 04 04 04 05 05 04 04 04 04 04 04
03 03 03 03 03 03 04 05 05 05 05 04 02 02 02 03 03 03 03 03 03 03 02 05 06 04 03 03 03 03 03 03 03 03 04 04 04 04 04 04 04 04 05 05 05 05 05 05 05 05 05 05 05 05 05 05 05 05 05 05 05 05 05 05 05 05 05 05 06 06 06 06 06 06 06 06 06 05 06 06 06 01 01 01 01 01 01 01 03 04 04 04 05 05 05 04 04 04 04 04
03 03 03 03 03 03 04 05 05 05 05 04 02 02 02 03 03 03 03 03 03 03 02 05 06 04 04 03 03 03 03 03 03 04 04 04 03 04 04 04 04 04 04 04 05 05 05 05 05 05 05 05 05 05 05 05 05 05 05 05 05 05 05 05 05 05 05 06 06 06 06 06 06 06 06 06 05 05 05 06 04 01 01 01 01 01 01 02 04 04 04 05 05 05 05 04 04 04 04 04
03 02 02 02 03 03 04 05 05 05 05 04 02 02 02 03 03 03 03 03 03 03 02 05 05 04 04 04 03 03 03 03 04 04 04 03 04 04 04 04 04 04 04 05 05 05 05 05 05 05 05 05 05 05 05 05 05 05 05 05 05 05 05 05 05 06 06 06 06 05 06 06 06 06 06 05 05 05 04 06 02 00 01 01 01 01 01 03 04 04 04 05 05 04 04 04 04 04 04 04
03 02 02 02 03 03 04 05 05 05 05 04 03 02 02 03 03 03 03 03 03 03 02 05 05 05 04 04 03 03 03 04 04 04 03 04 04 04 04 04 04 04 05 04 04 05 04 04 04 05 04 05 05 05 05 05 05 05 05 04 05 05 05 06 06 06 05 06 06 06 06 06 06 06 06 05 05 04 05 05 01 01 01 01 01 01 02 04 04 04 05 04 04 04 04 04 04 04 04 04
03 03 03 03 03 03 04 05 05 05 05 04 02 02 02 03 03 02 03 03 03 02 02 05 06 05 04 04 04 03 04 04 04 03 04 04 04 04 04 04 04 04 04 04 03 04 04 04 03 04 05 05 04 05 05 04 04 04 04 05 05 05 06 06 05 05 06 06 06 06 06 06 06 06 06 04 03 03 05 04 00 01 01 01 01 01 03 04 04 04 04 04 04 04 04 04 04 04 04 04
03 03 03 03 03 04 04 05 05 05 05 04 02 02 02 03 03 03 03 03 03 02 02 05 06 05 04 04 04 03 03 03 03 04 04 04 03 04 04 04 04 04 03 03 03 02 03 05 04 03 03 03 03 03 03 02 02 04 05 05 05 06 06 06 06 06 06 06 06 06 06 06 06 05 04 02 02 04 06 01 01 01 01 01 01 02 04 04 04 05 04 04 04 04 04 04 04 04 04 04
03 03 03 03 03 04 04 05 05 05 05 04 02 02 02 03 03 03 03 03 03 03 02 05 06 06 04 03 04 03 03 03 04 04 04 03 04 04 04 04 04 03 04 03 03 03 02 03 03 02 02 02 02 01 00 01 03 05 05 06 06 06 06 06 06 06 06 06 06 06 06 05 03 02 02 02 04 06 03 00 01 01 01 01 01 03 04 04 05 05 05 05 04 04 04 04 04 04 04 04
03 03 03 03 03 04 04 05 05 05 05 04 02 02 02 03 03 03 03 03 03 03 02 04 06 06 04 03 04 03 03 03 04 04 03 04 04 04 04 03 03 04 03 03 02 02 01 03 03 02 03 02 02 01 01 03 04 05 06 06 06 05 05 06 06 06 06 06 06 05 03 02 02 03 03 05 06 02 00 01 01 01 01 01 01 04 04 04 05 05 05 05 04 04 04 04 04 04 04 04
03 03 03 03 03 04 04 05 05 05 05 04 03 02 02 02 03 03 03 03 03 03 02 03 06 06 05 04 04 03 03 04 04 03 04 04 03 04 04 03 03 02 02 02 01 01 02 03 01 02 02 01 01 01 04 04 05 05 05 05 05 05 05 05 05 06 06 05 03 03 03 03 04 04 05 06 03 00 01 01 01 01 01 01 03 04 04 05 05 05 05 05 04 04 04 04 04 04 04 04
03 03 03 03 03 03 04 05 05 05 05 04 03 02 02 02 03 03 03 03 03 03 03 02 06 06 05 05 04 03 04 04 03 03 03 03 04 03 03 03 02 02 02 01 01 01 03 01 02 03 02 01 02 04 04 05 06 05 05 05 05 05 05 05 06 05 03 02 03 03 04 05 05 05 06 03 00 01 01 01 01 01 01 01 04 04 04 05 05 05 05 05 04 04 04 04 04 04 04 04
03 03 03 03 03 03 04 05 05 05 05 04 03 02 02 02 03 03 03 03 03 03 03 02 04 06 05 05 03 03 04 03 03 03 03 04 04 03 02 02 02 02 01 02 01 02 01 01 02 02 02 02 03 04 06 06 05 05 05 05 05 05 05 05 06 03 01 02 03 03 04 05 05 05 02 00 01 01 01 01 01 01 01 02 04 04 05 05 05 05 05 05 05 04 04 04 04 04 04 04
03 03 03 03 03 03 04 05 05 05 05 04 03 02 02 02 03 03 03 03 03 03 03 03 02 05 06 05 04 03 03 03 04 03 03 04 03 02 02 02 02 01 02 02 01 02 01 02 02 02 03 03 04 05 06 05 05 05 05 05 05 05 05 05 06 04 02 03 03 03 04 05 04 01 00 01 01 01 01 01 01 01 01 03 04 04 05 05 05 05 05 05 05 04 04 04 04 04 04 04
03 03 03 03 02 03 04 05 05 05 05 04 03 02 02 02 03 03 03 03 03 03 03 03 02 04 06 05 04 03 03 03 03 03 03 03 03 01 01 02 02 01 02 02 01 01 01 01 01 02 02 03 05 05 05 05 05 05 05 05 05 05 06 06 06 05 03 02 02 03 04 04 02 00 01 01 01 01 01 01 01 01 02 04 03 04 05 05 05 05 05 05 05 05 05 04 04 04 04 04
03 03 03 03 02 03 04 05 05 05 05 04 03 02 02 02 03 03 03 03 03 03 03 03 02 04 07 05 03 03 03 03 04 04 03 02 02 01 01 02 02 02 01 02 02 01 01 00 02 03 03 05 05 05 05 05 05 05 05 05 05 06 06 06 06 06 04 02 01 02 04 04 01 01 01 01 01 01 01 01 01 01 03 04 04 04 05 05 05 05 05 05 05 05 05 04 04 04 04 04
03 03 03 03 02 03 04 05 05 05 05 04 03 02 02 02 03 03 03 03 03 03 03 03 03 04 07 04 03 03 03 03 03 03 03 01 02 01 01 01 02 02 02 01 03 01 00 02 04 04 04 04 05 05 05 05 05 05 05 05 06 06 06 06 06 06 04 02 01 01 04 04 01 01 01 01 01 01 01 01 01 02 04 04 04 04 04 04 05 05 05 05 05 05 04 04 04 04 04 04
03 03 03 03 02 03 04 05 05 05 05 04 03 02 02 03 03 03 03 03 03 03 03 03 03 03 06 04 03 03 03 04 03 02 01 01 02 01 01 01 01 01 02 02 02 00 01 04 04 05 05 04 05 05 05 05 04 05 05 05 06 06 06 06 06 06 05 03 01 01 03 04 01 01 01 01 02 01 01 01 01 02 04 04 05 04 04 04 04 04 04 04 05 05 05 04 04 04 04 04
03 03 03 03 02 03 04 05 05 05 05 04 03 02 02 03 03 03 03 03 03 03 03 03 03 03 04 04 03 04 04 03 02 02 01 01 02 01 01 01 01 01 02 02 02 02 03 04 05 05 05 04 05 05 05 04 05 05 05 06 06 06 06 06 06 06 06 03 01 01 02 04 02 01 01 01 01 01 01 01 01 03 04 04 05 05 04 04 04 04 04 04 04 04 04 04 04 04 04 04
03 03 03 03 02 03 04 05 05 05 05 04 03 02 02 03 03 03 03 03 03 03 03 03 03 03 03 03 03 04 04 02 01 01 02 01 01 02 01 01 01 01 01 01 01 03 04 05 05 05 05 05 05 05 05 05 05 05 05 05 06 06 06 06 06 06 06 04 02 01 02 04 02 01 01 01 01 01 01 01 02 04 04 05 05 05 05 05 05 04 04 04 04 04 04 04 04 04 04 04
03 03 03 03 02 03 04 05 05 05 05 04 03 02 02 03 03 03 03 03 03 03 03 03 03 04 03 03 04 04 03 02 01 02 02 01 02 02 01 01 01 02 02 01 02 03 05 05 04 05 06 05 03 04 04 05 05 05 05 05 06 06 06 06 06 06 06 04 01 01 01 04 02 01 01 02 01 01 01 01 03 04 04 05 05 05 04 05 05 05 04 04 04 04 04 04 04 04 04 04
03 03 03 03 02 03 04 05 05 05 05 04 03 02 02 03 03 03 03 03 03 03 03 03 04 03 00 02 05 03 02 02 01 03 01 01 01 01 01 01 02 02 01 02 04 05 05 05 05 06 05 04 03 03 02 03 04 05 05 05 05 06 05 06 06 05 04 03 01 01 01 04 03 01 02 02 01 01 01 01 04 04 04 05 04 04 04 04 04 05 04 04 04 04 04 04 04 04 04 04
03 03 03 03 02 03 04 05 05 05 05 04 03 02 02 03 03 03 03 03 03 03 03 04 04 04 02 03 03 01 02 02 02 02 02 01 01 02 01 01 01 02 01 03 05 05 06 05 05 04 03 04 03 04 03 02 02 04 05 05 05 06 06 05 04 03 02 03 02 01 01 04 03 01 02 01 01 01 01 02 04 04 05 05 04 04 04 04 04 04 04 04 04 04 04 04 04 04 04 04
03 03 03 03 02 03 04 05 05 05 05 04 03 02 02 02 03 03 03 03 02 04 04 04 04 04 04 02 01 02 03 02 02 01 02 02 01 01 02 01 01 00 02 04 05 05 06 05 03 02 01 01 01 01 01 02 04 03 04 04 05 06 06 04 02 01 01 01 02 01 01 03 04 01 02 01 01 01 01 03 04 04 05 04 04 04 04 04 04 04 04 04 04 04 04 04 04 04 04 04
03 02 02 02 02 03 04 05 05 05 05 04 03 02 02 02 03 03 03 02 03 06 04 04 04 03 01 01 02 02 02 02 03 01 01 02 01 01 02 02 01 01 04 05 05 06 06 04 01 01 01 01 01 04 02 01 03 04 04 04 05 06 04 01 01 03 02 01 01 01 01 03 04 02 02 01 01 01 01 03 04 04 04 04 04 04 04 04 04 04 04 04 04 04 04 04 04 04 04 04
03 03 02 02 02 03 04 05 05 05 05 04 03 02 02 03 03 03 03 02 02 04 05 05 03 01 01 02 01 02 01 03 02 01 01 01 02 01 01 01 01 02 04 05 05 06 04 03 02 01 03 02 02 06 06 03 03 03 04 04 06 06 02 02 02 04 03 01 01 01 01 03 04 02 01 01 01 01 02 04 04 04 04 04 04 04 04 04 04 04 04 04 04 04 04 04 04 03 04 04
03 03 03 02 02 03 04 05 05 05 05 04 03 02 02 03 03 03 02 02 03 05 06 03 01 01 02 01 01 02 02 03 03 01 01 01 01 01 01 00 02 04 05 05 06 04 03 04 04 03 03 03 04 06 05 04 03 03 04 04 06 05 03 03 04 05 02 01 01 01 01 03 04 02 01 01 01 01 02 04 04 04 04 04 04 04 04 04 04 04 04 04 04 04 04 04 04 04 05 05
03 03 02 02 02 03 04 05 05 05 05 04 03 02 03 03 03 03 02 04 04 03 02 00 02 03 03 01 01 02 02 03 03 02 01 01 01 01 01 01 03 04 05 06 04 03 04 04 04 04 04 03 04 04 04 04 04 03 03 04 06 06 04 04 04 03 02 02 01 01 01 03 05 02 01 01 01 01 03 04 04 04 04 04 04 04 04 04 04 04 04 04 04 04 04 04 05 05 05 05
03 02 02 02 02 02 04 05 05 05 05 04 03 02 02 03 03 03 04 04 02 02 01 01 02 03 03 01 01 02 03 03 03 02 01 01 01 01 01 02 04 05 06 04 02 03 04 04 04 04 04 04 04 05 05 04 04 04 03 04 06 06 05 04 04 03 03 03 01 01 01 02 05 02 01 01 01 01 04 04 04 04 04 04 04 04 04 04 04 04 04 04 04 04 05 06 06 06 05 05
02 02 02 02 01 02 04 05 05 05 05 04 03 02 02 03 03 03 04 03 03 02 01 02 03 03 02 01 01 02 03 03 03 02 01 01 01 01 01 03 04 06 05 02 03 03 04 04 05 05 05 05 05 05 05 04 04 04 03 04 06 06 05 05 04 04 03 03 01 01 01 02 05 02 01 01 01 02 04 04 04 04 04 04 04 04 04 04 04 04 04 04 04 05 06 06 06 05 05 05
02 02 02 02 01 02 04 05 05 05 05 04 03 02 02 03 04 04 03 02 02 01 02 02 03 03 01 01 01 01 02 02 01 03 02 01 01 01 02 04 05 06 02 02 03 03 04 04 04 05 05 05 05 05 05 04 04 04 04 04 05 06 05 05 04 04 04 03 01 01 01 02 05 02 01 01 01 03 04 04 04 04 04 04 04 04 04 04 04 04 04 04 05 06 06 06 06 05 06 06
02 02 02 02 01 02 04 05 05 05 05 04 03 02 02 03 03 03 03 02 02 02 02 02 03 02 01 01 01 01 01 01 01 03 03 01 01 01 03 04 06 03 01 02 03 03 04 04 04 05 05 05 05 05 05 04 04 04 03 04 05 06 05 04 04 04 04 03 01 01 01 01 05 03 01 01 01 03 04 05 04 04 04 04 04 04 04 04 04 04 04 04 06 06 06 06 06 06 06 06
02 02 02 02 01 02 04 05 05 05 05 04 03 02 03 03 03 03 02 03 03 02 02 02 03 02 01 01 01 01 02 01 02 03 03 03 00 02 04 06 05 01 01 02 03 04 04 04 04 04 05 05 05 05 05 04 04 04 03 04 05 06 05 04 04 04 04 02 01 01 01 01 04 03 01 01 02 04 04 05 04 04 04 04 04 04 04 04 04 04 04 05 06 06 06 06 06 06 06 06
02 02 02 02 01 02 04 05 05 05 05 04 03 02 03 04 04 03 02 03 02 01 02 03 03 03 01 01 01 01 02 02 03 05 02 02 00 03 05 06 01 01 02 02 03 04 04 04 04 04 05 05 05 05 04 04 04 04 03 03 05 06 05 04 04 04 03 02 01 02 02 01 04 04 01 01 03 04 04 05 04 04 04 04 04 04 04 04 04 04 04 06 06 06 06 06 06 06 06 06
02 02 02 01 01 02 04 05 05 05 05 04 03 02 03 03 03 03 02 02 02 02 02 02 03 02 01 01 01 01 02 03 03 02 01 01 02 03 05 03 00 01 02 02 03 03 04 04 04 04 04 04 05 05 04 04 03 04 04 03 04 06 06 04 04 04 03 01 01 02 02 01 04 04 01 01 03 04 04 04 04 04 04 04 04 04 04 04 04 04 05 06 06 06 06 06 06 06 06 06
02 02 02 02 01 02 04 05 05 05 05 04 03 02 03 03 03 02 02 03 02 02 02 02 03 03 02 01 01 01 02 02 03 01 00 02 05 05 04 01 01 01 02 02 03 03 04 04 04 04 04 04 04 04 04 03 03 04 03 03 04 06 05 04 04 04 02 01 01 02 01 01 03 05 01 01 04 04 04 04 04 04 04 04 04 04 04 04 04 04 06 06 06 06 06 06 06 06 06 06
02 02 02 02 01 02 04 05 05 05 05 04 03 02 02 03 03 02 02 03 01 03 02 02 03 03 02 01 02 01 01 02 02 01 01 03 05 05 02 01 01 01 02 02 03 03 04 04 04 04 04 04 04 04 04 04 03 03 03 03 03 05 05 04 04 03 01 01 01 02 01 01 03 05 02 02 04 04 04 04 04 04 04 04 04 04 04 04 04 05 06 06 06 06 06 06 06 06 06 06
02 02 02 02 02 03 04 05 05 05 05 05 03 02 02 03 03 02 02 01 02 02 02 02 03 03 03 01 02 03 01 02 02 03 04 03 05 03 00 01 01 01 03 02 03 03 04 04 04 04 04 04 04 04 04 04 04 04 04 04 05 05 05 04 04 03 01 01 01 02 02 01 02 05 02 03 04 04 04 04 04 04 04 04 04 04 04 04 04 05 06 06 06 06 06 06 06 06 06 06
02 02 02 02 02 03 04 05 05 05 05 05 03 02 02 03 04 02 02 03 02 01 02 02 03 03 04 02 02 02 01 02 04 05 04 03 04 01 01 01 01 01 03 03 03 03 04 04 04 04 04 04 04 04 04 04 04 04 05 05 06 05 04 04 04 02 01 01 02 02 02 01 02 04 03 03 04 04 04 04 04 04 04 04 04 04 04 04 04 05 06 06 06 06 06 06 06 06 06 06
02 02 02 01 02 03 04 05 05 05 05 05 03 02 02 03 03 02 03 02 01 02 02 02 02 02 03 03 02 01 02 03 05 05 02 04 01 01 01 01 01 01 02 03 03 03 04 04 04 04 04 04 04 04 04 04 04 04 06 06 06 06 04 04 03 01 01 01 02 02 02 01 01 04 03 04 04 04 04 04 04 04 04 04 04 04 04 04 04 05 06 06 06 06 06 06 06 06 06 06
02 02 02 02 02 03 04 05 05 05 05 05 03 02 03 03 03 02 02 02 01 02 02 02 02 02 02 04 02 02 04 05 05 03 04 02 01 02 01 01 02 01 02 02 03 03 04 04 04 04 04 04 04 04 04 04 04 04 04 05 05 04 04 04 02 01 01 01 02 02 02 01 01 04 03 04 04 04 04 04 04 04 04 04 04 04 04 04 04 06 06 06 06 06 06 06 06 06 06 06
01 01 02 01 02 03 04 05 05 05 05 05 03 03 03 03 04 01 01 01 02 01 02 03 02 02 03 02 02 04 05 06 03 03 03 01 01 01 01 01 02 01 02 02 03 03 04 04 04 04 04 04 03 03 03 03 03 03 03 03 03 03 04 03 01 01 01 01 02 02 02 01 01 03 04 04 04 04 04 04 04 04 04 04 04 04 04 03 04 06 06 06 06 06 06 06 06 06 06 06
01 01 01 01 02 03 04 05 05 05 05 04 04 03 02 04 03 02 02 01 02 02 03 03 02 03 02 02 03 04 05 05 03 04 01 01 01 01 01 01 02 01 02 02 02 03 03 03 04 04 04 04 04 03 03 03 04 04 05 05 04 04 04 01 01 01 01 01 02 02 02 02 01 03 04 04 04 04 04 04 04 04 04 04 04 04 04 03 04 06 06 06 06 06 06 06 06 06 06 06
01 01 01 01 02 03 04 05 05 05 05 05 03 02 03 04 02 02 02 01 02 02 03 03 02 02 03 03 04 04 04 04 05 02 01 01 01 01 01 01 02 01 02 02 02 03 03 03 03 04 04 04 04 04 03 03 04 04 04 04 04 04 03 01 01 01 01 01 02 02 02 02 01 03 05 04 04 04 04 04 04 04 04 04 04 04 04 03 05 06 06 06 06 06 06 06 06 06 06 06
01 01 01 01 02 03 04 05 05 05 05 05 03 02 03 03 02 02 02 01 02 02 04 03 03 02 03 03 03 04 05 05 02 01 01 01 01 01 01 01 01 01 01 02 02 02 03 03 03 04 04 04 04 04 04 04 03 03 04 04 04 03 01 01 01 01 01 01 02 02 02 02 01 03 05 04 04 04 04 04 04 04 04 04 04 04 04 03 05 06 06 06 06 06 06 06 06 06 06 06
01 01 01 02 03 03 04 05 05 05 05 05 03 02 03 03 02 02 01 01 02 02 04 03 04 03 02 03 03 03 06 03 01 01 01 01 01 01 01 01 01 01 01 02 01 02 02 03 03 04 04 04 04 04 04 04 04 05 04 04 04 02 01 01 01 01 01 01 02 02 02 02 01 03 05 04 04 04 04 04 04 04 04 04 04 04 04 03 05 06 06 06 06 06 06 06 06 06 06 06
01 01 01 02 03 03 04 05 05 05 05 05 03 02 03 02 02 02 01 01 01 02 03 02 03 04 03 03 03 02 04 01 01 01 01 01 01 01 01 01 01 01 01 01 01 01 01 02 03 03 04 04 04 04 05 05 05 05 05 04 04 01 01 01 01 01 01 01 02 02 02 02 01 03 05 04 04 04 04 04 04 04 04 04 04 04 04 03 05 07 06 06 06 06 06 06 06 06 06 06
01 01 01 02 02 03 04 05 05 05 05 05 03 01 02 02 01 02 01 02 01 01 03 02 02 03 04 03 04 03 02 01 01 01 01 02 01 01 01 01 01 01 01 01 01 02 01 01 02 03 03 03 04 04 04 05 05 05 05 04 03 01 01 01 01 01 01 01 02 02 02 02 01 03 05 04 04 04 04 04 04 04 04 04 04 04 04 03 06 07 06 06 06 06 06 06 06 06 05 03
01 01 01 01 02 03 04 05 05 05 05 04 03 03 04 02 01 02 01 01 01 01 04 03 02 03 03 03 04 04 04 02 01 01 01 02 01 01 01 01 01 01 01 01 01 02 02 01 02 02 03 03 03 04 04 04 05 05 04 04 03 01 01 01 01 01 01 01 02 02 02 02 01 03 05 03 03 04 04 04 04 04 04 04 04 04 03 04 06 06 06 06 06 06 06 06 04 02 01 01
01 01 01 01 02 03 04 05 05 05 05 04 04 04 02 02 01 02 01 01 01 01 03 04 02 01 03 03 03 03 02 04 02 01 02 02 01 01 01 01 01 01 01 01 01 01 02 03 03 04 04 04 04 04 04 04 04 04 05 05 05 05 03 01 01 01 01 01 02 02 02 02 02 04 04 03 03 03 03 03 03 04 04 04 04 04 03 04 06 06 06 06 06 06 06 04 01 00 01 02
02 02 01 01 01 02 04 05 05 05 05 05 04 01 03 01 01 02 01 01 02 01 02 03 03 03 04 02 03 03 03 04 03 01 01 02 01 02 01 01 01 01 01 01 01 01 02 03 03 03 03 04 04 04 04 04 04 04 05 05 06 06 06 05 03 01 00 01 02 02 02 02 02 04 04 04 04 03 03 03 03 03 03 03 03 03 03 04 06 06 06 06 06 06 04 02 01 01 02 02
04 03 02 02 01 01 03 05 05 05 05 05 03 03 03 01 01 02 02 01 03 02 01 02 03 03 02 02 03 03 03 04 02 03 01 01 01 02 01 01 01 01 01 01 02 01 02 03 03 03 03 04 04 04 04 04 04 04 05 05 06 06 06 06 06 05 02 01 02 02 02 02 02 04 04 04 04 04 04 03 03 03 03 02 02 03 02 03 06 06 06 06 06 04 01 01 02 02 02 02
04 04 04 03 01 01 03 05 05 05 05 04 04 04 01 01 01 02 03 02 02 02 02 02 02 03 02 02 03 04 04 02 02 03 02 01 01 02 01 01 01 01 01 01 02 01 02 03 03 03 03 04 04 04 04 04 04 05 05 05 05 05 06 06 06 06 06 02 01 02 02 02 01 04 04 04 04 04 04 04 04 03 03 03 03 04 02 04 06 06 06 06 04 01 02 02 02 02 02 02
03 04 04 04 02 01 03 05 05 05 05 04 05 03 01 01 01 01 01 02 01 01 02 01 02 02 01 02 03 03 04 03 03 03 03 01 01 02 01 01 01 01 01 02 02 02 01 03 03 03 04 04 04 04 04 04 04 05 05 05 05 05 05 06 06 06 06 06 02 01 02 02 02 04 04 04 04 04 04 04 04 04 04 03 03 04 03 05 06 06 06 06 03 01 02 02 03 03 02 02
02 04 05 05 03 01 03 05 05 05 05 04 04 02 01 01 01 02 01 01 02 02 01 02 01 02 02 02 02 03 03 04 03 03 03 01 01 02 01 01 01 01 01 01 03 02 01 03 03 04 04 04 04 04 04 04 04 05 05 05 05 05 05 06 06 06 06 07 06 01 01 01 02 04 04 04 04 04 04 04 04 04 04 03 04 04 04 06 06 06 06 04 02 02 02 03 03 03 02 03
01 03 05 05 03 01 03 05 05 05 05 04 04 02 01 01 01 01 01 01 02 02 01 01 02 02 02 02 02 02 03 04 03 01 04 02 01 02 01 01 01 01 01 01 03 03 01 03 04 04 04 04 04 04 04 04 04 04 05 05 05 05 05 06 06 06 06 06 07 04 01 01 02 04 04 04 04 04 04 04 04 04 04 03 03 04 05 06 06 06 06 03 02 02 03 03 03 02 03 03
00 02 05 05 03 01 03 05 05 05 05 05 04 03 01 01 01 01 01 01 03 01 01 01 02 02 02 03 03 02 03 04 02 01 05 01 01 02 01 01 01 01 01 02 03 03 01 03 04 04 04 04 04 04 04 04 04 04 04 05 05 05 05 05 06 06 06 06 07 06 01 00 02 04 04 04 04 04 04 04 04 04 04 03 04 05 06 06 06 06 05 02 02 03 03 03 02 02 03 03
00 02 05 05 03 01 03 05 05 05 05 05 04 02 01 01 01 01 01 02 03 01 01 01 01 01 01 02 03 01 03 04 03 02 04 02 01 02 01 01 01 01 01 02 03 03 01 03 04 04 04 04 04 04 04 04 04 04 04 05 05 05 05 05 06 06 06 06 06 07 03 00 03 04 04 04 04 04 04 04 04 04 03 03 05 06 06 06 06 06 04 02 02 03 03 03 02 03 03 03
00 02 04 05 03 01 03 05 05 05 05 05 04 01 01 01 01 01 01 03 02 01 01 01 01 01 01 02 03 02 04 04 03 04 03 02 01 01 01 01 01 01 02 03 04 03 02 03 04 04 04 04 04 04 04 04 04 04 04 05 05 05 05 05 06 06 06 06 06 07 05 00 03 04 04 04 04 04 04 04 04 04 03 04 06 06 06 06 06 05 03 02 02 03 03 02 03 03 03 02
00 01 04 05 04 01 03 05 05 05 05 05 04 02 01 01 01 01 02 01 02 01 01 01 01 01 02 02 01 03 04 03 02 03 03 02 02 02 02 01 01 01 02 03 04 03 02 03 04 04 04 04 04 04 04 04 04 04 04 04 05 05 05 05 06 06 06 06 06 06 06 01 03 04 04 04 04 04 04 04 04 03 03 04 06 06 06 06 06 04 03 03 03 03 03 02 03 03 02 02
00 01 04 05 04 01 03 05 05 05 05 05 04 02 01 01 01 01 01 01 02 01 01 01 01 01 02 02 01 03 03 03 02 01 01 01 02 02 02 01 01 01 03 03 04 02 02 03 04 04 04 04 04 04 04 04 04 04 04 04 05 05 05 05 06 06 06 06 06 06 07 03 03 04 04 04 04 04 04 04 04 04 03 04 06 06 06 06 05 03 03 03 03 03 02 02 03 03 02 02
01 01 04 05 04 01 03 05 05 05 05 05 04 02 01 01 01 02 01 01 01 01 01 01 01 01 02 02 02 03 03 02 03 03 02 01 01 01 01 01 01 02 03 03 04 02 02 04 04 04 04 04 04 04 04 04 04 04 04 04 04 05 05 05 05 06 06 06 06 06 07 04 03 04 04 04 04 04 04 04 04 04 04 04 05 05 06 06 05 03 03 02 03 02 02 03 03 02 03 02
01 01 03 05 04 02 03 05 05 05 05 05 04 02 01 01 02 01 01 01 01 01 01 01 01 02 01 02 02 02 03 02 02 04 03 01 01 01 01 01 01 02 03 04 03 02 03 04 04 04 04 04 04 04 04 04 04 04 04 04 04 05 05 05 05 06 06 06 06 06 06 06 04 03 03 03 04 04 04 04 04 04 04 04 04 05 06 06 04 03 03 02 02 02 03 03 02 02 03 02
01 01 03 05 04 02 03 05 05 05 05 05 04 02 01 01 01 01 01 01 01 02 01 01 01 01 01 02 03 01 01 02 02 03 01 01 01 01 01 01 02 03 03 04 02 02 04 04 04 04 04 04 04 04 04 04 04 04 04 04 04 05 05 05 05 05 06 06 06 06 06 06 03 02 02 02 03 03 03 04 04 04 04 04 04 05 07 06 04 02 02 03 02 02 03 02 02 03 02 01
01 00 03 05 05 02 02 04 05 05 05 05 03 02 01 01 01 01 01 01 01 02 01 01 01 01 01 02 03 03 02 02 02 01 01 01 01 01 01 01 02 03 03 03 01 03 04 04 04 04 04 04 04 04 04 04 04 04 04 04 04 04 05 05 05 05 06 06 06 06 06 07 04 02 02 02 02 02 02 02 02 03 04 05 04 06 06 05 02 02 02 02 02 03 02 02 03 03 02 01
01 01 03 05 05 02 02 04 05 05 05 05 03 02 01 01 01 01 01 01 01 01 01 01 01 01 01 01 02 04 03 03 02 01 01 01 01 01 01 02 03 03 03 01 02 04 04 04 04 04 04 04 04 04 04 04 04 04 04 04 04 04 04 05 05 05 06 06 06 06 06 07 05 02 03 03 02 02 01 01 01 01 05 06 05 06 06 03 01 02 02 02 03 03 02 02 03 02 02 01
02 02 03 05 05 03 02 04 05 05 05 05 03 02 01 01 01 01 01 01 01 01 01 01 01 01 01 01 01 02 04 03 02 01 01 01 01 01 01 02 03 03 02 01 03 04 04 04 04 04 04 04 04 04 04 04 04 04 04 04 04 04 04 05 05 05 05 06 06 06 06 06 06 03 03 03 03 02 02 01 01 01 05 06 05 06 04 01 01 02 02 03 03 02 02 03 03 02 02 01
02 03 04 05 05 03 03 04 05 05 05 05 03 02 01 01 01 01 01 01 01 02 01 02 01 01 02 01 02 02 03 03 02 01 01 01 01 01 02 03 03 01 01 03 04 04 04 04 04 04 04 04 04 04 04 04 04 04 04 04 04 04 04 05 05 05 05 06 06 06 06 06 07 04 02 03 03 03 02 02 02 02 05 06 05 04 01 01 02 02 03 03 02 02 02 03 03 02 02 02
02 03 03 05 05 03 03 04 05 05 05 05 03 02 01 01 01 01 01 01 01 02 01 02 01 01 02 02 02 02 03 02 01 01 01 01 01 01 02 01 01 02 03 03 04 04 04 04 04 04 04 04 04 04 04 04 04 04 04 04 04 04 04 04 05 05 05 05 06 06 06 06 07 05 02 03 03 03 03 02 03 02 05 06 03 02 01 02 02 02 03 02 02 02 03 03 03 02 02 01
01 02 03 04 05 04 03 04 05 05 05 05 03 01 01 01 01 01 01 01 01 02 01 03 02 01 02 01 02 02 03 03 01 01 01 01 01 01 02 02 03 03 03 04 04 04 04 04 04 04 04 04 04 04 04 04 04 04 04 04 04 04 04 04 05 05 05 05 06 06 06 06 06 06 02 02 03 03 03 03 03 03 03 03 02 02 02 02 02 03 02 02 02 03 03 03 02 02 01 01
01 01 02 05 06 04 03 04 05 05 05 05 02 01 01 01 01 01 01 02 01 02 01 02 03 01 03 01 02 02 02 03 01 01 01 01 02 02 03 03 03 03 03 04 04 04 04 04 04 04 04 04 04 04 04 04 04 04 04 04 04 04 04 04 05 05 05 05 05 06 06 06 06 06 03 02 03 03 03 03 03 03 03 02 03 03 02 02 03 02 02 02 02 03 03 03 02 01 01 01
01 01 02 05 06 05 03 04 05 05 05 05 02 01 01 01 01 01 02 01 01 02 01 02 03 02 01 02 01 02 01 02 02 01 01 02 02 03 03 03 03 03 03 03 04 04 04 04 04 04 04 04 04 04 04 04 04 04 04 04 04 04 04 04 05 05 05 05 05 06 06 06 06 06 04 02 03 03 03 03 03 03 03 03 03 03 02 03 02 02 02 02 03 03 03 02 01 01 01 02
01 01 01 05 06 05 03 04 05 05 05 04 02 01 01 01 01 02 02 01 02 02 01 02 02 03 02 02 01 02 01 02 02 02 01 02 03 03 03 03 03 03 03 04 04 04 04 04 04 04 04 04 04 04 04 04 04 04 04 04 04 04 04 04 05 05 05 05 05 06 06 06 06 06 05 02 02 03 03 03 04 03 03 04 03 03 02 02 02 02 02 03 04 03 02 01 01 01 02 03
